13
5 10 12 13 14 17 23 25 33 36 44 59 60 
14
1 4 9 14 24 25 26 28 39 50 51 54 58 60 
10
5 12 13 23 25 36 38 40 44 48 
11
12 13 14 23 25 36 44 48 57 59 60 
12
5 12 13 17 23 36 38 40 44 45 47 48 
6
32 42 46 55 59 60 
13
12 13 17 23 24 25 26 33 40 44 51 55 60 
3
5 33 44 
8
5 12 13 17 24 36 40 44 
10
10 14 23 25 26 33 38 55 57 60 
8
3 9 22 46 47 50 51 58 
13
1 4 9 24 25 26 28 39 50 51 54 58 60 
6
5 12 13 29 40 44 
9
5 12 13 17 23 38 44 48 60 
9
12 23 25 31 33 36 38 55 57 
5
5 12 17 40 44 
7
5 12 13 17 29 40 44 
6
5 12 13 17 40 44 
2
18 25 
10
1 3 4 9 25 34 45 47 50 58 
11
1 4 9 14 18 24 25 39 45 50 58 
5
3 45 47 55 57 
5
22 45 46 50 53 
13
3 9 14 22 23 26 39 42 45 46 47 50 55 
2
23 50 
11
3 10 14 22 28 32 33 42 45 47 50 
10
3 9 22 32 39 45 46 47 50 55 
1
46 
3
9 42 47 
3
3 9 42 
9
9 14 22 32 45 47 50 54 58 
4
3 47 55 57 
9
1 3 9 10 22 42 46 50 58 
7
3 9 10 22 25 45 50 
13
3 9 10 14 18 22 32 39 45 46 47 50 58 
13
1 3 4 9 10 18 29 31 34 41 54 58 59 
8
3 9 10 14 22 36 42 58 
8
3 10 14 22 32 39 42 45 
9
3 4 9 10 22 42 45 46 50 
11
4 9 18 23 24 28 39 41 54 58 59 
6
9 28 29 31 39 59 
15
1 4 9 18 24 25 28 31 33 34 36 39 54 58 59 
8
1 4 23 31 34 41 54 59 
9
1 9 10 14 28 34 42 54 59 
14
1 3 9 10 22 25 29 31 41 46 47 50 54 59 
8
1 13 24 25 39 41 47 54 
4
29 36 51 59 
13
1 9 18 22 24 25 26 28 34 39 51 54 58 
1
53 
11
1 9 12 25 34 41 46 47 51 53 54 
13
1 4 9 18 24 25 28 31 34 39 54 58 59 
1
29 
8
1 3 4 9 41 50 53 54 
12
3 9 10 18 24 25 28 31 34 39 50 59 
11
9 18 24 25 28 31 32 47 54 58 59 
11
1 4 9 18 24 28 33 34 36 54 58 
12
1 12 13 14 24 25 26 28 41 47 53 54 
2
18 59 
14
1 10 13 18 25 28 31 33 39 41 50 53 54 59 
10
10 25 28 31 34 46 47 50 54 59 
