0

3
127 131 154 
9
121 123 126 132 134 140 157 164 167 
0

8
127 135 136 139 142 151 154 165 
0

0

5
132 133 157 165 175 
10
126 127 132 133 136 139 147 164 165 167 
5
135 142 165 166 173 
0

3
127 131 154 
6
127 136 142 165 166 173 
8
126 127 132 133 135 139 154 165 
0

10
126 127 132 133 134 136 137 165 175 180 
4
133 147 157 180 
1
165 
2
133 166 
6
121 132 134 161 164 171 
7
127 137 144 148 154 178 180 
0

3
127 131 154 
2
164 171 
8
123 144 147 151 163 166 167 169 
3
140 141 145 
0

5
161 164 169 171 173 
4
144 162 167 178 
11
121 123 126 132 134 136 144 163 164 169 171 
3
140 141 145 
0

6
136 144 147 157 167 178 
0

3
140 141 145 
9
121 126 136 144 147 151 162 167 178 
0

3
121 164 171 
3
140 141 145 
7
121 132 134 164 171 177 179 
8
121 126 132 134 143 151 163 179 
8
121 123 126 132 134 163 164 169 
10
126 127 132 133 134 154 164 165 169 175 
12
121 123 126 128 134 143 144 161 162 164 171 177 
10
123 130 136 144 148 149 157 167 169 178 
8
121 126 132 136 151 161 169 179 
2
133 169 
10
121 126 128 132 134 136 151 164 177 179 
9
123 128 130 132 133 148 151 157 176 
4
126 140 161 179 
8
123 127 133 136 148 149 165 178 
14
121 123 128 132 134 136 144 147 151 161 162 167 169 178 
15
121 123 126 132 133 134 136 144 147 151 162 167 169 178 179 
9
121 132 134 136 144 162 164 169 178 
7
126 127 132 133 134 136 175 
11
121 126 134 144 147 161 162 164 167 169 178 
3
143 176 179 
15
126 127 132 133 134 136 137 144 148 154 164 167 169 178 180 
8
130 136 144 148 149 157 165 178 
13
126 130 132 133 134 136 151 157 164 165 167 169 175 
