6
68 75 81 88 94 117 
7
61 63 67 72 78 87 111 
6
68 75 81 88 107 117 
7
68 71 88 100 107 117 118 
6
68 71 79 81 107 117 
2
72 79 
6
67 78 79 86 87 94 
6
71 81 100 103 107 117 
7
61 68 71 79 96 100 118 
7
71 72 75 81 94 107 118 
3
67 72 110 
6
63 67 72 84 87 111 
6
68 71 79 81 107 117 
6
68 71 79 81 107 117 
5
67 77 78 101 103 
5
68 71 76 100 107 
6
68 71 76 81 100 107 
5
68 76 81 100 107 
6
61 72 79 88 112 118 
8
63 66 67 78 87 97 110 120 
5
101 110 112 116 117 
7
65 86 90 96 102 111 116 
8
63 66 67 75 87 97 111 117 
7
72 75 81 111 112 116 117 
8
61 67 84 101 102 110 113 116 
5
67 72 87 111 117 
9
63 67 72 75 84 87 97 102 111 
2
77 80 
6
67 75 87 97 110 117 
6
66 84 90 91 102 116 
6
84 97 101 110 113 120 
11
61 63 65 67 72 78 84 86 87 97 112 
10
67 75 87 91 97 102 110 111 113 117 
8
65 67 86 87 97 102 111 117 
7
65 86 90 91 96 97 111 
8
61 63 67 94 96 97 101 116 
2
78 101 
8
61 66 67 97 101 110 116 120 
3
67 78 87 
7
75 84 89 91 94 97 101 
5
63 74 89 103 104 
3
74 101 112 
7
61 66 71 80 101 103 116 
6
61 64 66 97 109 116 
10
63 65 66 67 87 91 97 110 116 120 
3
80 103 109 
8
61 64 65 66 78 80 96 116 
6
63 66 74 89 110 120 
7
61 64 66 97 109 110 116 
5
77 80 94 103 116 
4
77 80 96 103 
9
61 64 65 66 89 97 109 110 116 
10
63 66 67 74 89 97 103 104 110 120 
6
63 66 74 89 97 103 
6
77 80 94 96 103 117 
4
65 66 72 97 
8
61 64 66 89 97 109 110 116 
1
104 
1
104 
2
104 120 
