6
202 203 205 214 233 237 
5
183 192 201 216 226 
0

3
197 223 227 
5
191 201 211 226 238 
0

0

10
184 185 191 212 213 216 224 229 233 239 
2
223 227 
2
197 217 
0

4
183 201 220 226 
0

4
201 220 226 238 
8
184 188 192 213 216 220 224 233 
0

0

3
191 192 216 
1
196 
2
213 220 
2
191 227 
0

2
192 234 
1
202 
4
185 224 233 235 
0

0

0

3
203 212 240 
2
192 203 
5
188 195 214 216 225 
2
185 223 
0

2
213 220 
4
183 225 226 234 
1
192 
0

2
192 203 
0

1
223 
15
184 188 192 197 200 202 203 211 212 216 219 222 223 233 239 
2
185 197 
8
185 191 196 212 214 216 223 224 
10
184 188 197 200 202 212 216 219 222 233 
9
184 185 191 200 211 217 224 225 239 
0

6
191 198 203 211 212 239 
5
201 205 213 218 235 
13
184 197 200 202 203 211 212 213 219 222 223 229 239 
5
213 218 225 233 235 
10
184 197 200 202 203 212 222 232 233 239 
4
181 194 209 213 
8
200 202 203 211 212 232 237 240 
11
197 200 202 203 211 216 219 222 223 237 239 
10
184 197 200 205 213 216 219 224 229 233 
5
181 194 209 211 213 
6
184 185 211 212 216 233 
11
184 185 197 198 200 202 213 216 222 229 233 
10
184 185 200 202 211 212 222 224 229 233 
1
195 
